61.333333333333336
73.0
74.0
57.0
55.333333333333336
66.33333333333333
69.66666666666667
74.33333333333333
47.666666666666664
66.0
74.33333333333333
61.666666666666664
27.0
52.666666666666664
66.66666666666667
83.33333333333333
61.666666666666664
61.666666666666664
71.33333333333333
69.33333333333333
51.333333333333336
44.0
82.66666666666667
75.0
44.0
45.333333333333336
83.0
49.333333333333336
69.0
67.33333333333333
60.666666666666664
72.0
45.666666666666664
73.33333333333333
38.0
45.0
71.66666666666667
67.66666666666667
58.666666666666664
48.0
57.666666666666664
50.0
45.333333333333336
89.0
60.0
78.66666666666667
68.66666666666667
58.0
77.33333333333333
65.0
63.333333333333336
62.666666666666664
84.66666666666667
61.333333333333336
62.0
51.333333333333336
78.33333333333333
62.333333333333336
58.333333333333336
60.333333333333336
80.33333333333333
51.666666666666664
49.333333333333336
58.333333333333336
68.33333333333333
49.666666666666664
52.333333333333336
40.666666666666664
71.0
65.0
64.33333333333333
54.333333333333336
52.666666666666664
86.0
78.66666666666667
80.0
89.66666666666667
46.666666666666664
42.333333333333336
51.0
54.666666666666664
64.66666666666667
62.9390243902439 62.63414634146341 61.451219512195124